1289763242  
 6009669647  
 5863162685  
 5874921513  
 1380203241  
 1966828793  
 5870516595  
 1966828793  
 5828633047  
 1204698373  
 6239188698  
 1253315351  
 917874400  
 1702245413  
 5619948055  
 1404494933  
 5005930919  
 1087968824  
 1782856629  
 1243464577  
 5984826297  
 5826612530  
 1154724315  
 6013946994  
 1213091091  
 5211520650  
 5251655131  
 1285493650  
 1146619450  
 1242503536  
 1022934429  
 735290549  
 453288134  
 748071801  
 1075318567  
 2012320982  
 821443556  
 5282130845  
 1433227431  
 2023822676  
 1082064837  
 1451096507  
 5189148503  
 5841531951  
 5810371955  
 878639065  
 2019507188  
 1724101553  
 299936941  
 1564975136  
 5178055510  
 1048689307  
 6176585642  
 411720288  
 5885741225  
 574945639  
 1968981029  
 5433535895  
 5328602650  
 5756355270  
 6214891704  
 5162296567  
 842810030  
 5073275074  
 1707253907  
 816831206  
 567230745  
 1152231288  
 984417752  
 5787349829  
 5324760473  
 1850399649  
 1665319401  
 454837502  
 735290549  
 5005930919  
 1154724315  
 1433227431  
 1243464577  
 181616473  
 5073275074  
 5136919909  
 6013946994  
 5885741225  
 6276684061  
 454837502  
 6023910870  
 1665319401  
 5384740393  
 5545001134  
 1948684889  
 1063216048  
 1538748316  
 821565206  
 786772228  
 600172996  
 5826612530  
 5433535895  
 435139093  
 5449344809  
 6296995555350561367 
 937514936 
 1311379871 
 5223652109 
 2029805967 
 870498478 
 6226407908 
 1425494542 
 6093642892 
 1489830238 
 5205212045 
 1879665721 
 5942112020 
 1607013630 
 793934637 
 258329410 
 486689085 
 5227556384 
 1445795501 
 5504854709 
 925432829 
 811121076 
 405302819 
 198220589 
 1178131901 
 5081007255 
 1769314428 
 5159912918 
 2055833272 
 5367520932 
 934709322 
 1082130797