1016933485
1022934429
1026073074
1031830419
1034818297
1082064837
1087968824
1147343166
1152571838
1154724315
1202324380
1212125803
1213091091
1229682846
1256797648
1321109007
133475361
1353714520
1355548658
1361102660
1365836656
1376477209
1377654118
1396253617
1404494933
1405819995
1433227431
1436502258
1445795501
1454983563
1489830238
1564975136
1592952648
1607013630
1612667122
1689732095
1707253907
1715700739
1724101553
1757007838
1782856629
1916792850
2012320982
2023822676
2071878089
2089990774
288336501
299936941
318175057
352558150
382173395
405530441
438612124
454837502
462130576
471402372
478673047
486689085
5005395540
503911538
5073275074
5081007255
5094981327
514011028
5159912918
5251655131
5282130845
5349922870
535843817
5367520932
5402305531
5418151764
5420828918
5433535895
5504854709
5545001134
5579727013
5589847265
5653441584
5692129395
575048661
5826612530
5833536733
5841531951
5927505095
5932514284
5942112020
5951800846
6013946994
604149872
6052235620
6140432087
6184133431
620799427
6214891704
6263626975
6277059901
6315350078
632243351
6394838576
6501121848
654986333
6610938383
679493232
735290549
738075024
748071801
752150572
755603926
758208706
775691351
786479804
793469187
794598980
811121076
825908038
849988807
878639065
905761777
909162720
927810948
941377839
944818558
973044188
985889878
